827
697
144
739
428
4
15
470
887
149
709
185
632
498
268
246
359
223
470
223
638
658
102
83
232
651
726
147
559
548
223
288
37
156
692
402
57
985
124
231
277
413
440
727
763
958
871
915
976
440
95
758
847
27
658
612
7
503
68
876
432
209
830
565
351
544
466
90
233
960
52
506
329
572
967
515
307
675
450
879
754
652
216
986
804
124
184
188
239
511
694
81
679
57
555
840
828
878
587
166
105
567
201
486
689
400
373
688
356
638
674
724
128
4
387
633
117
905
223
280
867
391
153
235
551
913
456
860
520
1000
946
118
927
712
418
778
80
404
115
169
988
621
999
337
684
735
765
717
869
535
596
377
119
706
628
945
137
325
437
475
881
477
759
263
352
908
985
991
654
175
749
7
942
187
339
180
917
864
256
168
475
186
873
664
791
322
37
230
684
337
897
464
733
81
747
960
782
582
547
869
698
642
704
410
614
135
601
250
829
238
493
582
940
764
329
612
356
96
377
276
571
159
388
341
796
853
721
307
994
517
853
149
534
992
582
215
661
214
503
426
36
28
460
775
931
247
765
822
19
207
650
928
359
345
552
40
780
854
384
33
171
744
375
976
97
869
58
117
307
84
115
637
939
652
37
554
371
96
873
421
300
156
925
148
505
516
769
727
710
764
411
794
465
388
109
507
113
530
619
995
26
342
507
139
631
287
606
826
398
392
608
527
787
15
205
159
321
215
60
818
695
469
9
29
631
290
573
535
992
426
484
946
637
988
388
532
928
128
730
498
441
114
322
694
714
25
11
473
20
104
710
874
843
190
481
617
997
251
355
449
6
369
178
242
607
661
275
77
325
826
492
67
803
978
862
52
479
518
809
221
616
562
454
406
6
416
135
96
189
347
217
324
592
518
238
754
413
708
645
402
406
12
704
252
29
700
791
309
527
437
52
671
846
25
185
124
887
448
60
76
336
149
76
352
353
921
954
770
149
685
328
180
971
91
737
884
966
391
652
150
751
243
301
269
388
240
209
804
354
850
945
249
705
757
624
607
292
95
600
41
983
347
62
536
832
663
63
5
635
571
919
200
855
103
850
44
32
584
385
322
372
784
446
631
807
625
75
989
758
142
319
639
15
729
361
935
236
402
805
317
508
969
137
342
853
255
219
271
16
649
564
828
586
267
657
582
71
775
143
890
379
226
969
573
703
273
181
572
356
695
169
902
812
790
412
436
933
893
318
30
858
641
809
902
933
419
576
89
355
330
280
218
123
196
432
274
681
888
938
119
232
435
140
314
597
88
312
462
753
377
212
32
317
432
219
825
725
109
548
983
430
72
61
338
733
727
500
457
12
617
237
324
276
603
262
27
360
736
806
277
473
701
767
92
16
453
334
540
886
8
285
488
429
483
687
761
799
869
198
804
296
39
921
481
282
464
134
269
706
733
932
314
22
700
201
52
591
913
31
849
360
575
194
477
274
385
740
747
659
318
528
500
255
930
137
766
316
547
71
254
65
612
472
818
158
686
323
463
300
647
496
323
23
636
434
501
363
428
397
990
462
934
129
837
153
527
548
148
454
129
18
794
723
41
855
829
665
94
614
950
698
397
982
134
60
326
405
200
474
701
131
845
586
18
224
298
336
157
540
8
173
978
395
508
37
510
352
751
865
444
391
206
12
218
338
777
225
433
527
609
582
388
496
536
121
859
806
272
148
371
813
871
115
31
613
674
585
559
69
459
70
826
372
745
259
441
280
730
108
939
240
616
853
315
660
324
706
900
628
668
597
819
269
144
793
183
101
242
693
674
694
259
620
455
519
953
46
43
428
222
548
445
440
259
700
895
865
229
86
139
764
415
291
889
786
73
73
763
756
114
993
2
786
412
669
892
210
335
211
268
13
68
476
601
431
770
932
339
700
958
176
529
1000
286
794
828
363
373
653
522
307
9
684
180
523
110
934
447
964
136
27
99
302
389
715
8
163
263
220
183
327
712
881
595
38
574
378
797
456
522
845
157
119
722
699
373
973
896
86
77
834
51
260
399
872
85
766
401
57
148
144
750
785
922
864
201
813
397
751
923
445
591
734
369
724
666
168
129
497
796
949
475
489
670
705
674
911
473
45
409
808
615
976
894
221
684
431
52
814
219
147
702
771
410
528
36
612
680
326
546
826
862
377
928
899
551
396
786
752
441
131
884
351
20
705
375
491
886
466
118
944
586
188
332
821
109
488
662
272
717
741
482
362
872
355
776
707
285
97
349
33
966
200
676
759
808
761
549
856
142
595
774
359
419
626
550
709
426
164
222
917
570
983
175
824
204
691
96
886
152
374
959
703
439
817
843
63
666
328
974
752
963
236
353
974
580
603
883
966
112
781
89
671
766
960
572
790
552
491
365
962
137
770
552
863
186
198
57
921
73
647
156
587
298
500
735
780
326
644
255
387
779
833
884
774
85
912
676
353
401
716
697
342
511
341
607
887
425
502
676
615
417
805
626
562
552
257
975
93
491
429
476
236
532
57
821
936
46
355
877
857
242
981
7
271
408
5
594
435
730
861
961
795
487
165
463
614
16
819
734
278
638
206
62
932
401
604
144
39
193
797
612
244
280
120
493
79
824
630
501
659
23
894
484
897
936
827
803
745
682
141
825
76
381
672
527
78
157
100
964
931
626
842
216
467
814
375
881
623
785
212
620
469
923
973
194
113
136
858
203
327
580
895
93
183
946
871
720
499
587
176
56
54
428
939
226
272
999
447
480
563
56
332
325
825
702
613
224
892
664
318
970
740
867
382
281
625
74
821
556
775
191
40
255
267
469
145
194
185
33
774
558
165
593
773
871
51
468
587
791
846
363
493
846
211
497
800
865
957
686
240
673
776
766
700
643
781
432
983
555
74
582
167
738
327
975
498
550
51
876
617
212
68
145
381
130
582
758
193
658
84
681
142
170
664
938
758
944
248
138
127
791
488
320
20
397
448
318
251
678
293
670
755
429
156
547
519
655
945
36
502
283
58
445
421
323
905
774
772
570
442
67
457
596
523
646
817
380
664
271
75
707
940
6
480
525
437
802
986
68
166
260
623
776
609
421
174
42
31
139
343
641
725
457
297
728
222
439
799
961
86
260
85
620
331
655
697
69
355
452
152
92
161
409
304
708
969
269
958
278
78
370
188
149
788
54
59
155
445
939
810
214
93
712
977
164
156
247
26
902
98
600
43
745
178
894
557
5
588
95
587
178
689
730
443
229
381
743
912
955
444
792
413
140
473
137
99
654
819
811
791
461
176
391
678
454
518
133
859
440
885
459
224
333
459
284
240
22
643
94
62
694
489
488
487
819
224
110
282
408
14
255
946
571
249
670
874
126
354
373
275
376
580
494
103
878
388
993
611
472
520
117
812
735
340
487
415
435
113
50
375
738
223
852
437
511
772
586
834
857
990
817
185
682
700
527
906
557
723
704
745
985
830
80
926
221
260
72
357
63
668
768
474
334
704
596
605
891
939
653
701
490
906
170
385
900
899
545
665
54
122
91
476
514
966
406
102
114
200
954
617
571
557
12
852
253
332
15
458
160
81
971
750
428
82
901
328
513
99
262
906
667
1000
164
206
821
515
831
621
849
132
937
723
962
112
425
167
348
544
297
119
801
703
452
645
940
148
550
621
641
672
439
751
987
554
876
946
262
356
36
478
807
174
827
784
900
275
6
34
668
926
932
373
233
682
705
61
610
398
79
302
258
321
338
419
467
647
143
315
133
400
724
609
642
350
454
124
535
749
3
59
434
801
577
394
982
321
923
977
875
262
968
363
491
527
599
342
44
729
94
39
110
859
571
376
251
446
968
68
768
261
430
447
282
844
950
370
479
988
191
805
832
492
690
62
28
389
109
365
803
885
637
171
924
717
345
719
269
249
552
20
607
206
813
810
982
690
867
253
670
308
474
548
512
671
226
815
967
367
219
833
2
953
819
690
227
378
516
172
843
497
464
869
726
343
657
264
102
185
291
637
762
381
756
971
646
752
163
551
344
391
208
604
291
154
819
462
405
524
100
101
196
749
659
966
144
997
64
840
845
305
360
784
214
456
60
13
174
311
594
542
683
202
149
450
528
622
72
220
272
21
728
910
466
678
973
109
652
735
550
325
28
963
466
891
604
397
558
499
528
456
776
620
537
764
600
957
938
591
800
14
125
549
275
341
332
190
744
799
315
124
472
886
698
216
113
440
815
149
818
737
834
512
955
983
923
14
591
164
928
569
257
635
482
109
946
118
97
345
150
775
316
882
364
976
993
398
692
506
201
818
502
693
739
181
766
929
136
791
848
953
707
449
936
493
904
337
953
61
685
118
36
44
596
692
759
483
493
513
268
111
192
127
679
596
950
936
171
144
594
963
72
587
328
689
838
727
442
326
988
187
282
698
873
614
995
789
369
821
199
585
847
535
794
396
783
624
504
356
166
296
742
979
335
411
753
498
574
773
768
474
160
834
868
543
681
755
563
358
387
391
29
952
200
10
406
881
684
292
454
873
379
588
1000
889
621
498
29
146
719
523
874
330
885
219
661
188
285
115
201
407
480
762
811
134
842
274
479
585
746
899
157
988
461
474
504
876
30
65
442
869
670
918
659
949
368
238
838
264
208
185
326
87
980
796
749
150
891
233
936
697
406
375
789
319
395
545
295
162
200
415
147
62
868
249
922
794
17
309
12
581
838
734
461
960
329
480
686
605
250
396
771
448
646
132
794
679
82
279
126
721
193
389
141
709
73
562
407
192
904
455
812
73
885
208
481
709
965
39
420
966
406
110
212
884
539
34
981
666
703
6
484
232
177
183
64
521
328
408
547
196
29
444
161
547
840
498
258
737
632
48
905
612
798
33
133
730
526
175
396
998
222
794
920
998
696
835
154
878
655
629
43
890
370
395
408
278
337
416
137
738
169
13
148
999
956
178
216
487
662
285
946
871
927
282
459
312
613
396
650
20
284
132
90
891
781
876
479
156
412
798
531
682
237
697
718
158
379
201
619
175
260
138
427
760
733
495
373
522
111
499
242
580
51
547
56
788
952
665
904
217
223
835
193
20
796
580
271
930
969
347
762
213
614
114
426
824
40
669
147
528
924
573
919
884
271
524
116
698
215
485
418
976
627
959
764
403
930
596
84
822
321
825
990
380
855
110
624
847
707
718
696
71
573
714
905
221
237
279
927
171
398
869
814
358
431
453
490
162
117
700
682
337
535
403
559
759
644
307
433
86
885
772
344
275
485
369
382
308
309
320
144
491
246
144
726
59
521
71
894
532
530
759
399
973
458
515
865
582
80
726
371
297
15
276
802
99
532
997
64
164
254
176
799
234
221
961
950
634
657
245
470
19
229
471
309
450
339
288
278
489
592
709
433
875
579
634
563
718
693
406
999
589
301
853
880
949
107
943
921
800
669
540
355
541
499
837
851
37
231
939
331
458
629
902
777
767
634
435
645
250
195
671
489
745
403
656
968
31
903
866
397
776
483
716
669
413
320
900
35
678
803
247
590
50
69
689
611
471
171
372
658
934
206
75
521
925
740
645
114
744
242
459
864
78
713
982
314
881
747
540
33
831
1
470
240
964
311
218
978
907
462
107
603
107
400
81
628
984
884
584
32
532
354
306
734
667
56
662
826
529
424
905
113
52
757
757
431
46
863
305
822
573
825
890
873
905
828
991
948
432
51
12
967
743
265
252
194
173
796
279
392
181
587
430
835
766
615
497
768
132
737
878
363
795
259
341
600
867
975
976
69
775
338
743
646
913
984
111
996
452
471
861
780
101
653
591
158
445
43
638
912
765
817
655
209
756
808
604
346
900
633
594
811
974
129
177
152
965
430
312
722
624
577
299
253
742
601
767
213
804
392
148
728
55
957
933
295
303
115
525
19
558
915
681
681
563
575
740
412
296
502
318
806
517
664
588
488
457
662
199
623
926
185
624
682
993
517
498
702
275
999
815
413
541
568
13
256
188
360
599
916
334
950
278
329
33
467
173
580
925
498
205
864
45
737
940
652
904
25
287
728
778
638
667
570
414
822
424
124
848
624
929
639
946
877
311
900
618
411
901
11
225
844
902
951
934
906
21
309
612
777
261
709
603
801
13
782
189
562
372
712
328
30
489
347
920
879
871
494
323
803
898
425
170
526
107
721
231
807
982
268
238
650
642
950
903
366
544
540
923
769
59
635
744
375
435
193
939
558
795
494
818
978
935
37
501
886
722
890
219
863
92
247
461
50
393
423
627
767
511
958
816
528
685
605
537
110
299
69
370
762
488
498
833
930
453
694
196
134
85
67
674
351
539
167
759
733
847
258
699
290
658
75
580
437
390
524
906
959
542
173
644
566
549
623
970
422
706
765
663
936
292
249
987
788
136
539
920
836
318
119
849
723
238
252
374
548
380
194
314
974
330
699
49
321
447
664
528
996
459
925
248
555
981
51
264
900
381
136
527
712
940
692
763
78
702
104
586
551
407
905
213
905
775
749
466
149
702
989
936
484
474
558
867
942
205
249
704
366
168
366
946
658
644
986
440
385
381
931
536
327
128
388
8
869
425
850
979
924
519
617
319
503
978
381
763
743
207
870
915
353
281
61
135
388
792
690
856
825
717
418
94
966
30
428
321
684
158
842
838
229
497
491
527
730
281
760
332
680
718
473
28
104
287
402
893
120
117
215
706
93
996
511
6
83
963
544
68
725
327
772
648
49
320
279
798
947
14
363
277
716
621
883
126
260
819
831
794
870
99
876
502
597
828
545
68
264
999
286
21
794
765
918
202
495
18
620
474
791
673
400
944
706
906
618
255
683
284
372
838
764
880
493
189
181
18
281
556
554
179
462
670
835
697
73
502
356
274
804
614
26
19
565
608
607
348
153
208
237
471
305
995
160
641
397
795
732
395
695
183
438
853
884
707
493
86
855
394
636
642
830
920
95
219
542
448
125
313
517
48
671
120
376
994
240
565
19
144
129
378
87
249
399
656
851
153
238
575
553
37
370
890
826
591
375
434
292
821
562
809
297
363
535
100
611
690
962
182
561
300
85
904
706
512
798
76
641
201
437
358
549
274
657
397
212
607
577
415
754
980
521
383
831
827
424
462
667
726
594
790
273
358
8
135
923
218
598
686
243
897
772
975
587
413
764
479
354
79
463
698
239
766
762
550
645
559
959
692
900
302
73
523
800
667
153
74
912
520
875
448
165
380
254
943
1000
700
844
364
367
465
587
888
100
946
246
326
910
86
347
687
853
233
427
146
579
944
84
14
552
845
821
423
151
495
40
161
121
261
99
411
488
507
578
731
180
617
448
962
481
949
477
329
252
414
94
261
658
33
250
725
912
384
845
721
258
109
722
354
578
681
927
712
902
688
976
208
802
37
162
170
242
115
366
136
864
945
490
743
762
260
143
156
2
894
217
522
714
507
25
326
804
876
468
874
8
525
283
755
138
188
782
316
278
459
738
557
825
32
703
688
659
753
386
88
87
219
667
723
687
732
248
936
726
689
263
824
41
559
1000
450
780
268
209
627
234
148
44
131
974
64
117
60
588
342
844
509
210
736
317
347
537
502
830
26
479
157
938
131
455
803
819
11
744
450
966
36
357
229
806
8
825
984
313
306
948
136
996
193
695
762
836
226
741
18
396
728
865
810
391
622
916
749
204
251
414
742
609
504
320
997
776
374
27
727
273
55
620
813
503
308
50
651
338
907
486
246
156
532
24
515
512
854
409
311
846
842
738
599
139
621
4
178
228
676
869
147
410
632
731
579
285
40
698
760
344
678
130
758
36
258
495
542
531
214
830
848
14
961
489
273
801
886
769
785
21
433
616
702
56
807
350
893
10
964
877
776
211
142
907
544
729
364
616
934
896
142
788
2
992
771
764
166
457
452
215
579
712
721
342
734
452
979
376
984
9
595
166
286
458
229
784
951
135
469
29
451
724
497
311
767
634
19
185
957
737
389
435
3
928
280
847
162
170
82
373
229
532
630
78
566
581
10
908
854
302
952
928
843
467
130
436
206
734
791
950
183
249
687
462
202
549
251
223
546
709
23
938
6
156
600
23
818
897
141
922
117
831
517
576
598
322
985
70
146
192
487
272
130
334
889
130
723
419
801
348
845
122
710
895
127
16
508
950
426
179
828
599
664
3
354
723
58
651
284
472
339
970
461
990
809
819
377
481
593
27
48
102
99
529
669
675
326
609
148
728
433
874
550
556
303
28
455
534
805
572
656
595
385
643
493
833
54
646
347
191
810
147
393
375
704
682
431
879
324
897
598
300
86
723
660
272
4
399
105
942
617
762
570
216
527
690
998
497
888
557
497
208
528
492
17
166
434
294
737
380
425
992
472
69
291
273
290
151
974
567
272
602
48
824
739
370
649
43
713
192
612
687
357
936
24
436
862
744
173
680
905
981
339
424
312
448
247
269
576
207
169
777
699
415
94
783
312
278
288
954
364
570
729
171
186
888
540
232
980
959
48
487
843
937
556
458
340
95
479
846
289
399
237
262
384
755
360
572
741
10
578
123
164
19
334
227
678
961
23
546
4
892
993
421
936
682
975
211
296
464
374
190
525
267
665
558
501
963
53
752
173
27
603
223
998
441
301
307
750
329
836
989
262
731
386
450
210
338
290
855
150
273
257
382
882
695
943
315
855
564
36
317
415
211
283
966
179
770
408
488
769
672
719
751
353
555
11
256
650
558
335
631
431
331
923
433
547
813
448
858
937
782
79
247
281
130
271
894
844
847
495
890
943
773
989
720
156
996
463
517
144
912
118
602
276
822
417
290
21
181
407
902
931
354
932
565
231
458
813
259
53
786
80
493
259
221
398
466
535
931
826
83
854
733
124
865
159
691
158
498
567
821
959
255
681
756
545
502
977
418
391
450
266
468
116
652
378
107
424
752
530
738
765
327
442
318
598
53
363
329
669
479
343
275
97
717
440
540
175
471
585
682
848
126
115
327
492
501
632
45
956
754
840
212
705
95
754
947
61
549
407
714
824
915
304
138
843
574
290
394
255
452
499
495
47
924
414
188
60
875
983
420
370
181
275
700
535
151
726
591
89
586
908
441
59
39
405
994
504
836
732
262
284
183
73
95
364
141
321
821
758
264
125
783
823
343
964
3
275
670
924
588
992
981
721
427
410
777
242
267
158
483
188
106
498
465
491
818
436
904
917
863
135
294
43
223
872
342
476
699
523
72
283
869
761
957
766
622
728
551
598
8
904
242
784
464
621
176
936
961
918
624
234
376
912
505
487
929
692
451
917
64
170
481
431
474
991
37
715
824
118
692
224
596
513
894
54
412
641
857
529
856
283
961
761
972
906
643
541
282
964
620
674
49
536
675
144
240
924
440
929
411
911
415
862
172
180
971
444
232
663
218
915
231
443
646
674
391
559
704
95
1
961
185
916
716
292
26
233
667
133
688
525
326
52
601
866
515
17
632
528
342
447
309
935
246
296
683
215
962
236
643
798
574
51
933
588
221
2
920
222
338
592
62
136
265
875
208
492
457
91
618
43
407
817
512
133
526
21
548
792
848
399
325
211
288
782
757
525
503
414
194
468
449
729
274
701
673
317
486
25
34
397
811
780
839
292
444
147
655
934
26
982
284
26
221
308
342
908
995
828
991
833
923
592
384
412
239
656
615
596
807
112
695
429
649
531
813
453
519
666
316
891
702
950
816
331
520
936
694
18
812
448
224
559
641
996
627
453
156
375
67
769
694
502
211
296
195
781
668
125
401
385
39
532
82
259
227
423
781
498
571
356
899
367
32
154
893
793
101
67
7
406
234
542
444
774
457
877
952
902
930
918
620
539
347
196
37
654
85
536
9
178
31
221
196
479
321
316
707
340
435
433
363
272
889
915
458
694
750
808
640
586
685
279
298
224
244
929
676
917
648
425
458
460
739
520
357
11
391
583
428
478
69
523
176
453
827
223
94
742
556
850
79
295
729
645
272
528
518
963
505
185
441
906
393
500
60
323
119
575
447
171
654
289
744
257
534
279
963
670
722
189
57
320
14
985
139
499
935
675
265
446
297
762
218
8
760
500
223
313
604
26
444
854
1
400
732
147
996
962
372
856
417
55
261
990
540
229
253
603
124
868
805
732
201
824
964
18
998
504
229
672
16
908
419
370
674
968
902
665
669
584
558
840
268
848
149
223
877
114
704
829
75
66
842
415
484
236
906
69
375
100
189
192
947
268
611
234
343
521
143
791
61
372
87
586
4
143
575
587
578
515
612
69
321
302
559
704
769
113
137
394
164
404
696
544
534
460
336
690
74
515
990
934
423
913
765
37
962
649
779
322
970
675
317
888
998
639
965
921
744
776
688
996
521
231
721
97
254
469
417
638
675
82
526
219
561
635
78
517
242
244
304
328
832
647
103
332
318
498
546
805
701
437
397
20
218
153
404
489
15
607
39
445
463
671
679
687
517
464
330
877
496
286
133
770
813
688
949
34
608
642
698
756
330
122
160
503
798
324
333
15
317
664
619
124
959
97
174
316
677
296
277
567
341
994
713
319
63
727
985
165
568
512
241
609
160
604
145
379
651
253
163
495
980
495
727
497
327
33
334
555
285
111
630
684
32
74
252
81
100
147
228
504
529
396
777
225
201
197
727
519
920
251
830
888
707
416
58
969
919
897
119
829
977
407
665
745
607
972
63
624
543
756
82
193
339
496
999
80
911
257
214
625
905
441
13
752
202
344
437
308
952
954
796
617
738
647
944
180
813
595
102
750
102
954
367
373
914
550
681
594
169
813
626
905
711
263
923
20
190
314
850
366
547
577
790
392
58
646
667
838
159
592
9
779
441
464
93
55
542
249
322
282
395
452
79
244
589
435
617
999
113
32
108
679
666
437
757
9
113
284
201
410
659
771
443
660
262
350
968
378
60
451
189
130
251
70
271
973
608
371
284
591
920
351
827
1
87
960
222
693
49
989
78
320
964
821
902
219
407
106
39
544
60
318
333
388
591
280
472
976
168
495
761
500
215
176
466
695
198
662
772
776
711
470
445
161
68
608
688
963
864
411
32
157
174
570
297
804
864
282
339
68
318
254
586
286
548
53
411
442
122
649
684
305
336
503
519
168
840
335
211
275
373
162
562
678
82
359
481
850
875
861
581
417
84
363
78
112
879
163
152
376
532
814
209
572
830
703
490
783
223
468
771
22
873
786
858
924
189
637
971
40
89
653
808
777
970
788
388
366
152
991
463
857
393
803
666
251
177
359
231
418
641
706
974
480
485
604
510
271
456
773
586
90
3
714
271
567
183
659
141
656
761
563
683
554
5
732
401
263
684
509
120
523
575
785
399
390
860
712
124
291
920
891
358
457
529
86
707
207
762
528
32
229
515
596
368
151
381
509
411
340
975
464
321
150
135
813
97
544
855
981
776
523
523
766
297
353
961
429
701
270
714
747
631
841
86
667
101
328
156
478
653
383
164
102
496
317
551
992
618
526
522
500
749
369
436
190
745
423
479
950
205
931
733
766
403
762
93
281
810
832
145
879
296
890
329
170
945
520
269
630
384
172
482
308
100
105
540
740
732
3
361
133
90
431
138
742
647
885
140
83
912
20
703
671
116
471
299
394
311
208
249
357
810
613
463
758
243
569
733
686
929
374
905
945
631
886
567
839
439
774
59
494
651
829
753
618
255
332
337
895
589
512
693
840
852
636
244
148
48
453
757
958
287
876
217
851
184
836
28
201
38
287
579
234
364
475
796
121
400
937
575
557
338
698
677
139
800
54
444
711
601
344
860
109
16
259
97
939
332
724
681
339
356
172
837
154
928
437
98
677
861
979
519
156
653
706
999
29
555
373
424
400
761
678
982
929
789
716
322
167
791
90
86
275
951
169
731
748
476
427
98
666
458
901
576
493
301
314
419
410
754
692
517
293
934
103
622
493
264
514
378
876
773
900
398
101
114
775
995
374
201
189
407
548
806
696
307
491
105
313
545
240
382
870
684
317
814
694
617
864
794
550
978
105
351
413
770
152
960
29
568
443
891
566
2
531
333
323
334
502
818
896
121
199
104
507
225
337
821
276
514
410
652
453
111
963
777
84
857
154
512
538
848
54
832
574
588
459
204
260
337
965
730
703
376
499
52
53
595
831
758
693
637
797
167
509
256
54
261
135
430
455
345
756
178
266
12
303
454
318
65
777
525
678
93
504
832
424
749
417
29
958
578
40
174
715
294
650
687
273
955
347
736
986
625
319
787
310
614
355
158
790
198
966
237
283
191
490
464
244
270
788
859
929
640
670
347
409
320
88
117
597
458
131
594
377
847
52
531
572
486
853
342
894
33
206
637
239
535
966
84
83
51
878
192
362
700
25
851
328
152
652
796
747
92
305
35
321
890
460
285
155
961
107
577
696
711
958
740
999
724
646
557
263
640
831
878
702
419
229
124
940
70
903
745
143
539
117
465
859
629
208
297
989
327
14
133
767
503
752
689
206
63
951
779
266
155
126
235
773
483
108
47
957
752
600
456
800
325
202
658
558
618
667
137
845
352
692
851
932
991
759
346
402
792
476
962
891
854
208
429
869
609
278
499
933
706
610
56
808
517
225
206
632
630
916
43
579
879
773
181
950
346
299
916
23
745
270
414
393
737
881
30
284
244
571
833
355
981
949
390
19
359
557
446
76
73
514
395
813
379
250
339
545
360
686
274
73
108
105
498
125
272
994
254
638
873
570
664
513
22
442
905
520
862
662
680
449
687
726
893
815
956
988
350
823
210
982
384
893
577
310
303
158
38
56
981
53
889
267
460
731
948
920
90
694
524
385
888
926
483
897
366
151
52
893
159
365
648
662
674
247
566
995
769
609
49
388
360
683
344
103
474
258
612
890
458
450
315
525
903
158
17
623
848
321
325
338
24
785
556
174
18
803
108
675
519
377
682
483
873
629
569
442
640
586
365
539
972
393
263
849
82
919
539
867
860
516
701
981
181
198
96
661
820
814
469
285
451
444
309
841
298
333
766
274
275
493
896
280
595
236
528
903
455
619
381
151
601
131
337
693
882
366
88
329
725
130
946
260
818
564
56
330
445
82
449
203
264
240
447
524
942
229
718
409
786
405
987
552
180
553
283
163
253
686
829
388
514
329
937
206
539
247
502
55
542
914
707
513
864
1000
916
636
578
361
692
903
439
753
990
187
978
220
82
751
377
78
834
296
501
867
119
833
328
300
277
520
437
449
383
965
559
851
444
562
155
68
711
741
869
103
81
239
78
688
578
191
985
691
196
225
221
945
135
503
403
250
634
494
909
427
517
993
576
115
549
910
194
275
941
750
73
930
809
436
988
161
266
520
457
598
196
203
311
987
537
176
894
994
229
301
734
844
733
781
405
602
766
446
263
832
827
42
247
958
780
578
649
338
243
342
434
18
201
940
744
847
244
338
541
852
689
786
111
184
690
868
300
376
183
811
210
341
650
267
885
101
922
683
306
91
286
847
405
409
714
753
644
594
823
797
11
534
343
790
258
762
132
549
394
309
113
143
685
944
965
436
545
6
819
890
841
587
961
944
183
145
7
575
224
957
719
708
186
716
363
77
321
4
296
99
270
699
706
804
277
284
706
458
111
475
340
632
350
362
377
565
719
210
371
157
908
537
575
316
966
113
549
106
234
917
776
318
540
65
293
653
683
629
87
885
41
718
38
5
849
263
309
836
8
619
335
306
897
84
556
334
69
681
982
904
633
163
15
457
327
678
257
671
187
406
88
333
529
388
761
364
775
277
285
889
264
657
308
168
976
616
424
25
23
493
809
685
385
515
481
705
31
195
697
81
282
172
200
59
288
864
313
262
19
829
129
440
77
686
102
780
507
558
593
225
885
855
33
433
383
137
23
429
961
369
106
39
149
252
447
346
456
679
762
239
394
556
416
405
639
466
849
762
242
822
622
843
512
480
980
969
376
578
13
912
912
275
886
716
892
125
307
528
249
868
913
345
945
866
370
322
998
20
809
458
812
868
295
195
292
596
490
362
524
106
424
97
733
754
982
103
227
382
176
528
472
128
848
306
37
422
924
78
376
730
229
913
663
135
709
91
48
457
330
116
198
810
388
181
246
514
569
525
125
662
591
563
376
805
312
576
771
355
783
874
162
869
29
341
420
881
43
625
867
145
662
127
302
399
296
863
528
340
900
236
634
656
890
922
35
477
192
132
440
50
423
209
746
377
213
525
492
563
526
554
672
39
579
310
4
950
216
411
528
102
16
254
226
672
615
606
224
214
332
119
902
514
108
804
12
955
992
436
36
315
42
381
732
937
648
928
372
275
390
308
986
157
940
200
212
794
648
920
657
2
708
717
808
291
762
910
623
524
19
496
374
979
667
242
569
595
797
707
551
41
46
164
659
2
342
452
389
812
690
653
73
289
570
305
540
197
888
364
970
394
402
888
102
73
757
779
995
349
865
264
976
34
619
176
680
347
956
140
505
861
873
672
641
168
431
306
319
462
944
420
343
516
532
812
544
456
190
769
900
65
137
497
947
797
738
369
169
806
404
39
687
658
848
998
435
658
922
438
654
242
973
561
875
983
990
318
189
381
712
363
677
354
672
304
127
636
864
756
674
493
276
250
791
471
964
624
473
213
675
477
87
794
368
100
520
880
380
844
429
97
641
752
385
241
679
351
576
935
293
672
202
662
302
153
350
970
956
819
25
954
813
602
79
517
749
635
179
971
398
278
558
166
428
686
807
17
112
641
879
439
783
131
510
856
408
161
644
671
372
831
665
463
64
723
18
764
744
541
847
283
489
312
831
583
433
421
211
341
175
107
727
940
420
976
758
453
505
93
903
400
565
506
870
131
518
353
664
605
394
278
4
642
246
371
337
791
258
780
724
692
886
142
800
283
892
486
724
635
646
448
893
776
971
619
635
578
856
876
588
260
180
623
398
695
760
571
420
959
377
573
868
504
514
642
675
838
824
461
689
64
291
321
684
672
583
989
551
274
158
188
104
519
170
724
603
395
322
741
707
649
37
689
734
807
250
971
378
736
685
974
574
129
614
968
147
700
467
590
723
805
793
273
541
599
175
128
145
869
735
914
775
159
152
369
939
123
872
481
201
24
69
372
386
127
710
709
596
757
563
300
774
881
745
313
430
892
428
744
254
872
587
960
650
507
726
424
958
114
502
834
520
774
854
430
915
675
275
708
223
445
505
1000
703
747
679
657
970
170
707
185
736
112
1
357
302
18
169
630
667
672
152
722
581
985
356
216
234
927
304
335
285
908
145
420
559
987
919
804
428
846
17
451
291
802
660
356
848
395
758
53
437
929
568
440
42
248
913
421
728
724
684
127
774
587
375
469
214
652
970
35
619
494
793
404
506
554
650
902
211
448
66
165
469
246
673
573
935
848
794
449
826
719
814
240
866
247
29
158
990
841
192
985
816
615
72
904
472
416
73
338
435
819
656
439
737
899
917
706
864
864
648
478
154
705
667
490
561
954
259
165
451
333
452
636
29
390
626
136
383
366
646
308
449
440
701
817
671
517
916
451
887
604
467
814
189
667
910
591
243
45
430
690
667
178
494
923
812
652
367
671
780
982
340
670
709
194
629
966
529
665
949
584
527
862
573
824
384
979
748
632
8
898
340
746
621
247
875
392
837
487
211
639
421
203
894
593
359
684
903
11
917
893
38
193
548
48
424
999
608
831
980
666
548
294
365
650
384
446
242
242
69
319
505
609
123
898
493
960
529
515
71
94
596
894
88
636
716
306
289
737
341
742
731
231
210
280
900
524
141
834
204
623
539
36
796
528
898
313
278
788
242
405
826
637
920
923
576
636
572
49
955
9
709
690
564
965
9
582
997
599
452
617
358
271
602
997
907
950
441
625
863
421
204
294
342
445
792
84
187
237
13
250
198
261
552
509
970
335
22
967
777
983
812
931
930
299
969
832
322
601
931
610
460
900
247
619
700
453
262
362
310
709
245
771
419
602
808
108
182
801
899
636
509
802
707
603
276
682
986
65
922
927
397
447
830
24
532
92
626
11
331
801
28
298
574
738
294
109
377
511
6
651
680
207
918
857
702
524
768
382
1
378
698
408
343
988
6
835
354
539
881
747
307
9
509
736
187
974
750
631
885
668
893
211
575
864
958
411
63
553
937
941
408
935
388
378
145
724
536
440
118
675
609
386
857
333
847
765
612
776
11
300
506
670
133
429
837
861
92
616
47
513
569
693
820
266
121
345
749
83
858
406
408
738
310
810
265
414
110
672
112
391
118
669
607
501
560
844
120
618
634
539
162
325
226
214
616
822
433
926
902
921
468
887
449
159
649
853
764
739
976
548
745
616
317
853
57
218
930
473
393
538
660
305
981
559
569
95
710
396
124
470
486
40
15
311
184
70
263
734
839
376
431
474
637
149
176
795
849
738
277
497
450
613
195
385
574
963
166
620
940
292
156
377
368
772
343
477
106
288
1
882
177
546
699
100
824
252
851
698
872
190
140
362
554
245
451
911
994
573
689
824
697
534
861
612
686
299
20
839
878
813
827
161
456
297
111
822
580
802
953
398
180
564
443
3
396
997
220
390
482
488
684
31
591
103
246
989
577
77
621
399
226
334
892
81
586
246
832
293
530
80
505
904
818
324
921
77
33
110
98
282
635
168
311
430
297
160
497
644
912
7
580
503
261
422
419
909
344
903
619
480
843
321
794
10
68
848
903
553
612
433
259
241
408
173
419
769
649
772
79
279
467
196
167
605
32
234
586
672
25
178
306
245
371
204
935
478
549
972
968
101
909
548
2
471
219
983
685
259
537
700
848
358
562
811
737
159
501
846
557
881
488
187
714
237
877
147
982
197
429
481
111
808
243
19
269
672
85
363
250
515
509
629
205
571
854
639
829
399
635
299
609
306
608
11
915
702
517
204
489
817
433
605
152
234
606
731
490
376
115
356
513
998
730
989
840
779
552
233
13
365
582
2
102
600
121
146
604
443
969
172
657
737
902
842
486
322
600
753
510
172
216
721
346
415
312
680
471
555
505
854
353
608
678
332
100
955
316
207
828
733
43
929
450
924
106
120
627
214
878
418
576
336
52
957
80
875
720
156
870
958
279
9
377
731
511
292
218
236
513
641
291
265
712
167
178
100
119
17
43
411
588
474
683
175
84
24
25
506
32
471
279
413
745
609
16
286
415
981
203
447
355
37
824
807
400
816
170
858
151
939
721
94
60
654
24
552
377
724
240
322
178
806
243
468
887
484
397
14
880
307
906
650
647
735
723
559
578
401
63
769
781
673
523
137
414
6
985
824
382
258
238
891
764
232
192
508
952
721
760
2
254
571
932
375
654
175
460
387
539
900
374
992
217
600
471
58
954
645
675
840
123
959
913
659
733
735
934
10
723
998
955
30
27
439
268
311
885
473
803
586
52
242
887
404
378
387
233
532
391
778
64
207
899
138
102
438
615
913
84
374
645
571
420
824
124
890
613
279
780
918
641
1000
303
7
566
423
296
697
693
502
812
250
793
519
794
497
724
166
268
387
365
883
955
418
657
426
95
550
484
174
759
549
211
330
538
755
261
769
464
337
595
316
512
397
395
423
862
935
614
831
152
324
602
780
495
963
530
422
73
318
527
548
741
404
707
205
292
645
826
436
494
370
113
273
83
429
863
514
765
309
341
437
479
509
374
408
105
471
882
640
101
86
162
260
984
904
314
367
846
426
128
796
372
969
794
398
711
431
233
937
500
706
682
793
721
830
579
952
51
50
445
965
504
185
406
972
582
781
209
481
232
425
717
289
447
971
596
384
517
310
972
641
289
220
690
355
65
128
304
627
514
292
401
997
351
345
711
999
820
547
296
871
752
454
515
997
105
126
556
198
991
49
20
879
660
39
206
410
893
576
820
756
958
228
313
982
807
147
992
642
696
999
953
905
192
741
272
991
440
931
187
953
245
762
181
667
884
452
425
29
9
157
657
249
21
822
368
698
865
609
986
243
993
957
828
108
362
279
144
10
33
72
176
147
163
292
252
182
25
465
257
23
941
117
174
378
862
264
322
828
258
41
386
189
654
31
495
426
378
111
618
889
693
880
736
300
149
979
926
597
523
504
322
163
28
416
568
976
643
153
448
118
582
463
863
183
328
828
916
155
425
463
233
597
865
365
986
407
838
974
142
386
61
225
313
467
156
567
610
166
760
237
599
759
956
146
404
91
297
453
584
568
835
381
789
58
942
549
315
539
371
494
828
912
366
26
918
865
16
117
76
995
598
316
333
564
954
574
105
800
505
974
880
480
404
173
222
111
103
816
852
761
597
482
45
930
720
317
109
541
995
460
882
830
524
128
473
716
970
701
351
766
341
965
549
989
25
308
802
416
681
724
392
528
649
501
650
816
549
845
833
909
279
98
526
995
925
478
866
897
525
177
838
903
997
929
550
822
233
823
110
413
771
822
781
471
322
514
201
146
498
808
281
999
466
270
869
277
665
336
353
168
94
360
191
408
816
912
27
572
926
576
147
363
611
919
867
708
390
597
936
90
331
109
418
314
568
366
709
311
654
70
301
500
44
79
757
546
454
427
840
344
412
338
337
120
905
102
335
269
475
655
256
316
220
855
947
847
715
858
289
135
660
911
585
950
196
815
200
481
721
966
560
545
712
741
373
470
672
790
557
795
833
702
915
38
927
653
924
146
286
325
644
937
420
85
184
51
95
339
877
90
488
286
240
739
965
833
369
369
275
403
988
220
255
87
593
225
978
167
525
187
739
41
966
331
156
567
818
815
211
880
66
694
995
335
55
492
986
698
689
159
173
845
775
574
821
351
839
422
449
322
370
681
515
599
360
152
951
833
870
397
874
4
523
719
654
780
505
994
880
73
848
718
272
191
853
218
393
468
823
759
585
690
737
277
326
190
265
988
400
836
35
286
152
743
429
453
96
886
721
122
698
640
866
77
931
925
627
978
881
423
192
413
276
575
102
164
778
286
693
377
390
118
615
465
707
583
615
197
772
525
200
265
994
707
126
370
975
915
580
562
584
293
890
58
495
852
714
921
374
817
53
44
613
352
220
141
955
922
184
746
473
103
882
39
833
335
866
422
391
429
814
372
48
898
964
134
821
751
566
615
880
105
656
25
886
925
385
482
774
195
422
283
608
119
19
479
712
15
61
370
455
245
975
258
568
503
356
175
910
35
788
760
546
255
712
626
656
459
455
7
681
602
617
108
72
615
128
149
615
31
993
49
653
499
227
171
13
116
597
441
828
342
499
447
159
33
995
170
991
197
97
108
2
747
768
849
858
82
981
171
315
377
453
396
818
491
108
706
937
12
326
185
603
878
829
125
931
707
281
18
252
688
830
195
513
535
324
35
622
589
318
776
562
494
97
598
210
944
707
751
343
721
463
669
145
358
617
861
584
635
227
506
810
129
219
100
279
822
678
617
129
720
180
458
607
398
81
10
387
73
808
93
207
740
552
457
641
344
283
392
262
941
607
780
731
982
929
337
529
304
727
497
921
423
593
473
859
199
300
634
598
572
100
444
718
534
844
932
312
9
65
879
162
994
842
246
790
672
958
786
906
974
707
660
926
556
153
470
366
405
981
584
96
595
459
65
51
102
782
100
70
514
256
589
665
977
141
931
229
911
555
231
419
590
398
428
78
882
452
616
540
314
467
312
223
646
170
508
639
410
509
787
677
478
981
500
578
177
239
466
388
67
624
414
664
14
782
37
512
687
841
891
193
655
683
374
936
273
717
398
581
785
362
575
363
925
710
372
568
251
712
794
572
597
505
355
924
611
796
876
720
755
318
166
389
133
849
189
494
268
644
786
748
820
844
933
729
378
119
773
512
573
196
1
829
731
300
668
727
569
119
484
296
192
582
602
517
266
33
905
806
139
802
609
974
591
285
556
467
39
250
764
765
272
985
181
291
987
464
176
844
23
237
420
644
332
113
671
884
528
539
891
889
475
743
716
954
721
35
280
727
437
963
200
7
632
863
911
494
209
681
462
830
953
597
480
254
308
415
670
583
839
754
966
941
692
690
73
899
196
445
56
70
664
658
471
278
931
564
655
471
675
869
321
230
55
977
78
215
26
273
703
404
678
638
736
867
234
964
187
53
611
511
895
976
647
764
184
712
602
661
135
227
814
436
325
232
938
704
803
302
876
804
32
59
338
16
193
835
16
914
2
417
481
196
324
281
258
248
747
322
455
543
715
524
509
439
25
564
147
940
525
432
963
998
777
536
398
633
302
181
215
659
90
9
450
288
306
826
311
902
267
385
315
177
19
793
398
144
9
936
873
264
462
440
332
360
354
930
746
854
103
84
951
521
898
117
85
535
709
73
201
429
729
387
544
863
302
185
487
266
195
455
65
581
491
63
519
303
115
357
23
52
720
253
686
461
858
200
560
620
502
793
347
832
724
166
995
562
490
285
49
818
506
108
358
661
21
519
846
751
138
79
728
847
707
908
874
991
731
458
740
693
409
907
486
47
584
273
401
265
720
694
1000
755
688
227
899
356
766
728
315
977
282
803
75
718
760
275
658
781
877
138
392
944
707
187
328
847
84
725
723
277
142
147
27
750
95
144
949
518
127
606
753
193
824
755
886
207
477
656
565
103
166
152
263
515
937
680
712
558
3
109
623
988
388
478
996
273
21
16
394
847
927
838
296
122
573
476
227
62
949
786
487
284
237
92
96
837
903
704
422
482
144
485
56
673
819
783
468
105
658
553
623
855
697
129
119
256
752
188
540
973
654
874
722
173
993
554
425
859
846
67
182
192
659
443
79
591
11
553
124
515
118
837
834
538
73
772
277
672
334
647
319
563
351
704
952
227
78
398
400
671
984
532
671
172
413
181
455
806
74
535
944
414
285
213
253
666
320
807
663
532
777
391
261
492
127
646
66
45
918
685
627
440
883
99
908
944
139
395
888
619
266
450
665
407
820
715
945
20
348
11
164
6
108
559
432
766
876
557
616
776
494
19
530
200
827
840
921
482
277
66
79
308
491
858
169
279
346
271
945
188
581
948
437
155
637
682
320
727
816
676
907
468
382
898
968
328
876
570
249
828
465
714
726
309
253
605
248
100
849
474
589
753
63
414
209
81
855
820
694
384
143
943
618
10
416
590
93
492
664
661
251
13
51
79
867
178
859
844
968
806
886
156
274
170
489
71
712
268
595
908
224
981
21
51
107
876
330
706
339
591
648
767
953
485
775
1
474
620
193
8
344
142
599
176
258
383
959
537
890
276
554
730
221
48
204
578
184
817
839
180
99
492
459
768
449
113
11
448
329
541
460
700
382
947
700
190
620
625
422
574
426
791
690
588
574
51
922
870
12
871
405
282
283
798
101
515
160
961
568
496
529
391
678
597
849
389
915
972
176
59
449
392
402
412
845
956
978
186
48
89
747
552
802
172
20
280
589
512
192
152
933
636
401
978
331
766
170
251
276
746
450
12
885
452
522
461
94
311
906
255
11
602
340
154
274
597
434
855
800
936
476
647
701
271
326
920
567
828
908
585
885
135
692
546
265
635
390
387
745
672
25
25
949
145
2
938
362
568
527
345
877
272
190
771
924
993
627
921
968
317
735
102
244
18
594
974
886
136
125
605
421
528
915
524
655
526
539
272
249
238
598
157
910
795
719
259
236
453
650
713
54
7
68
680
12
215
432
207
48
495
551
947
481
131
311
440
410
807
511
566
193
534
219
81
961
93
611
607
672
405
230
396
390
768
306
385
352
165
653
158
514
29
841
874
602
315
832
282
732
180
4
458
972
220
228
533
280
956
83
108
532
153
451
241
249
561
894
506
220
32
925
472
179
610
918
446
687
124
59
322
145
232
956
338
406
113
981
665
937
648
685
516
103
329
872
48
498
178
874
372
602
767
963
663
198
191
878
430
870
302
147
853
539
58
351
401
888
374
395
663
473
465
997
145
900
703
557
44
836
99
166
442
956
760
884
890
502
33
193
385
864
440
391
916
879
724
21
467
648
682
653
558
21
662
960
655
799
811
535
8
550
702
748
340
667
688
896
198
151
756
776
281
921
924
951
637
602
770
101
737
452
106
694
28
685
91
960
423
958
117
896
689
12
189
883
713
610
456
229
157
39
355
886
249
786
591
992
710
567
108
286
496
210
680
227
255
981
737
568
313
716
806
388
803
928
61
409
708
105
825
945
4
770
12
95
628
1000
23
949
791
356
205
763
272
42
488
491
647
205
213
990
853
865
314
33
7
492
931
657
874
28
664
610
884
104
145
67
556
984
501
373
752
635
729
487
194
144
445
241
885
735
574
741
358
274
939
796
424
146
470
928
516
765
26
671
971
86
747
216
470
243
834
238
903
599
133
69
958
957
787
73
845
43
718
342
294
529
218
573
673
581
509
747
307
807
722
746
842
863
811
936
889
979
48
689
686
214
109
459
995
767
162
64
515
358
127
579
279
981
78
981
154
216
199
639
725
791
505
736
666
186
413
458
839
420
312
454
863
497
20
165
15
921
562
522
10
850
343
119
304
584
637
556
887
570
220
410
697
908
12
450
610
563
332
957
150
750
150
971
706
342
531
666
191
102
295
48
915
149
454
210
888
731
904
637
864
66
347
575
189
984
979
59
983
735
537
973
465
769
790
