299
716
455
150
361
821
249
998
290
367
693
933
951
341
488
291
973
394
933
829
618
653
378
217
883
92
971
613
666
968
30
807
703
523
25
449
454
881
794
980
184
267
421
927
960
815
462
436
16
349
922
937
503
204
343
964
896
268
758
368
873
749
170
384
433
620
103
718
87
588
302
432
749
384
995
942
789
132
772
887
403
888
991
631
276
820
637
594
791
930
849
904
149
628
612
315
177
989
714
734
381
42
619
749
568
662
168
339
199
736
30
151
366
728
633
251
218
68
357
269
236
811
391
790
244
317
401
488
488
139
568
382
320
972
232
405
799
352
363
323
235
212
275
676
499
574
381
614
595
861
183
397
414
442
249
384
625
805
93
585
556
205
764
988
717
59
450
642
986
841
357
177
5
712
354
144
329
807
660
305
511
792
777
29
799
689
175
881
174
562
952
100
912
968
74
54
226
887
715
713
518
31
241
612
207
642
817
115
17
974
409
137
905
353
543
927
171
215
257
272
604
517
200
750
112
943
181
796
68
258
80
908
931
575
838
836
59
745
737
341
784
246
138
680
467
127
510
432
995
290
415
605
684
188
793
96
272
14
584
201
671
997
896
551
681
134
943
542
104
791
585
208
228
81
47
617
927
40
40
65
777
317
807
760
419
533
737
431
710
820
177
657
415
537
952
186
884
650
151
504
567
371
168
683
781
978
411
462
533
933
11
830
905
24
108
225
735
540
555
437
5
316
90
75
493
914
94
961
149
269
170
15
629
230
24
981
616
548
544
441
648
865
576
84
97
1000
776
887
969
8
942
898
540
849
817
797
595
629
246
714
534
507
872
485
269
5
903
657
791
793
871
729
350
499
681
739
594
400
558
221
422
509
466
941
505
806
519
903
322
580
552
229
544
894
568
589
967
590
198
28
636
482
112
410
936
228
702
520
228
506
287
140
922
630
766
893
11
583
400
947
63
573
778
58
229
806
673
690
109
914
573
828
438
239
867
412
320
771
52
161
936
270
203
492
176
567
788
348
306
925
126
30
806
134
520
239
680
469
877
124
904
113
283
65
137
326
324
319
221
210
712
89
922
492
322
751
728
649
247
603
526
648
592
479
612
230
817
884
856
573
299
643
408
471
434
732
700
308
239
2
195
223
596
990
271
517
736
749
448
86
258
170
913
411
956
756
572
258
989
744
582
592
3
74
354
135
425
219
923
548
108
288
293
105
994
305
849
976
10
209
807
301
856
838
309
367
385
430
658
529
417
175
818
844
61
800
998
532
298
563
654
529
536
512
990
719
910
770
451
503
497
331
309
955
855
595
177
601
122
954
986
244
437
1
635
82
781
547
961
18
39
276
968
322
970
836
540
295
605
878
231
630
466
206
270
280
297
760
288
365
822
596
516
913
811
205
776
851
475
965
565
909
925
572
791
816
868
509
95
924
606
862
12
813
827
423
504
868
236
557
431
783
164
135
262
169
276
106
59
140
945
988
284
582
115
909
22
135
775
159
98
784
343
764
768
319
131
473
512
300
343
291
592
130
551
337
545
633
769
728
461
757
770
270
935
396
380
565
511
44
241
697
261
593
655
262
561
392
420
889
847
190
861
13
646
89
963
246
859
10
899
907
323
807
40
49
519
243
412
228
477
685
978
215
577
662
279
57
673
654
659
993
738
200
319
760
911
113
66
226
104
773
235
491
82
737
738
592
6
127
722
356
427
165
499
194
597
706
258
290
884
828
361
166
118
972
302
525
976
27
365
159
818
236
699
749
736
885
755
611
154
732
670
857
701
594
92
287
104
147
764
800
759
265
161
245
905
931
284
751
763
988
44
445
251
725
247
128
522
607
111
433
874
791
390
1
543
421
701
904
583
330
279
502
874
439
993
168
161
965
365
377
638
808
265
406
103
448
563
462
937
392
416
689
541
121
201
910
807
284
608
553
712
430
256
69
41
40
228
727
903
549
464
976
320
167
172
405
565
657
286
10
374
38
443
219
540
692
901
965
406
347
975
990
715
65
84
419
256
158
250
43
225
789
655
739
206
522
873
278
615
723
782
151
387
211
997
932
609
759
185
289
225
546
898
439
474
200
380
20
209
554
132
289
564
878
675
721
675
924
96
959
140
139
288
746
617
268
753
736
668
775
770
581
590
563
743
808
420
249
531
799
972
382
411
759
66
724
190
817
677
592
867
607
777
113
730
255
551
753
881
92
382
281
333
308
95
637
532
642
457
144
24
633
960
981
649
32
882
181
580
429
948
127
741
169
412
737
892
483
